epoch: 0 run_loss: 2185205.6350788167
epoch: 1 run_loss: 2180390.1264237333
epoch: 2           2500000くらい